# Kernel-level ECDSA timing (CLOCK_MONOTONIC_RAW)
# idx|gen_ns|del_ns|keygen_ns(gen-del)
0|159700521|21024844|138675677
1|92704531|24307761|68396770
2|130781979|33839584|96942395
3|81024635|23247292|57777343
4|69893333|32252500|37640833
5|39883854|19616406|20267448
6|61877343|23381458|38495885
7|102017188|37521302|64495886
8|81010990|29822396|51188594
9|75362083|40596197|34765886
10|117066250|28202292|88863958
11|61455313|13335781|48119532
12|60570989|13705782|46865207
13|85508698|15611823|69896875
14|53321718|14637865|38683853
15|61658281|14251875|47406406
16|51846406|18461719|33384687
17|44638386|34168385|10470001
18|41254948|28139948|13115000
19|71324218|34909375|36414843
20|42512500|29669687|12842813
21|70207656|27935781|42271875
22|70937864|32997813|37940051
23|68662032|27025364|41636668
24|73395886|29790885|43605001
25|104824063|31573333|73250730
26|81894636|34390417|47504219
27|80581719|31877969|48703750
28|189598750|39246979|150351771
29|83550052|33227708|50322344
30|77169739|33225052|43944687
31|73696875|34445781|39251094
32|121566354|39437500|82128854
33|91321250|37713073|53608177
34|79698750|35075730|44623020
35|50691302|32686771|18004531
36|48029427|31271406|16758021
37|54402656|26437031|27965625
38|72987552|29217240|43770312
39|84326875|32028230|52298645
40|79467083|33168177|46298906
41|91372917|33855312|57517605
42|98376198|32095833|66280365
43|126412240|31941927|94470313
44|70851667|20081250|50770417
45|113011563|27271614|85739949
46|38107708|23402344|14705364
47|49931355|19481562|30449793
48|60877864|29129844|31748020
49|82188437|21810365|60378072
50|70097031|35785312|34311719
51|59271562|31186511|28085051
52|60988125|31163594|29824531
53|87660625|31601250|56059375
54|97346198|22348750|74997448
55|65030782|30299635|34731147
56|88687500|33280104|55407396
57|102692500|41402552|61289948
58|87392500|34336250|53056250
59|62115417|30624687|31490730
60|105353542|29363385|75990157
61|81074219|32560938|48513281
62|60948906|32619115|28329791
63|105908958|36184688|69724270
64|154132552|28534427|125598125
65|40987032|28724010|12263022
66|69653906|34100834|35553072
67|92539219|40605365|51933854
68|118773333|35110938|83662395
69|97795938|33390677|64405261
70|53400625|31746771|21653854
71|74974063|31686093|43287970
72|97297657|23116094|74181563
73|87406250|31395573|56010677
74|56633333|30881198|25752135
75|126612656|27379532|99233124
76|111847136|20928541|90918595
77|90478593|30278646|60199947
78|61704219|18508438|43195781
79|78477812|32862448|45615364
80|75807864|30479063|45328801
81|64804843|32862396|31942447
82|62853229|33357812|29495417
83|92939062|45174219|47764843
84|61766302|28864375|32901927
85|39140990|28245625|10895365
86|61987968|32100781|29887187
87|58654427|24893750|33760677
88|58969219|31890000|27079219
89|97877968|16269010|81608958
90|79800729|32191250|47609479
91|42018750|34126302|7892448
92|57192448|29737969|27454479
93|55292188|32323281|22968907
94|63377187|33135364|30241823
95|79389688|34609687|44780001
96|49583438|21663125|27920313
97|125243594|27955729|97287865
98|40886927|22544740|18342187
99|51169896|32192969|18976927
100|83112813|25453594|57659219
101|50665885|30600781|20065104
102|80825000|32062032|48762968
103|55745938|26678438|29067500
104|72048489|34004271|38044218
105|98354583|35668906|62685677
106|65753125|33125416|32627709
107|47133906|33516718|13617188
108|81420417|32861094|48559323
109|97851041|32065468|65785573
110|107771094|33045000|74726094
111|67604531|32732917|34871614
112|79995052|32623750|47371302
113|60863750|35510000|25353750
114|87434844|27944948|59489896
115|49264479|24757969|24506510
116|99284791|33243489|66041302
117|57127083|28482500|28644583
118|90215729|33495000|56720729
119|83482447|23587031|59895416
120|108508854|37481250|71027604
121|62780208|33551041|29229167
122|83958437|30893802|53064635
123|40245261|33047187|7198074
124|75443021|27143281|48299740
125|58789740|31490990|27298750
126|90225729|42858125|47367604
127|96872291|22157500|74714791
128|128420000|34921250|93498750
129|121423542|34676406|86747136
130|79813490|46647604|33165886
131|126075417|33441406|92634011
132|107934739|32207344|75727395
133|57776250|29777188|27999062
134|98782865|25247396|73535469
135|79105833|27779792|51326041
136|73548906|29555573|43993333
137|208120625|31595417|176525208
138|89992239|26320313|63671926
139|167952448|36122708|131829740
140|54049688|31954687|22095001
141|66452084|31855833|34596251
142|37239896|23748750|13491146
143|92027604|36509375|55518229
144|94765833|32473750|62292083
145|88413021|34178959|54234062
146|107803489|32098490|75704999
147|82665573|35056719|47608854
148|73394375|30763541|42630834
149|68662969|32049063|36613906
150|62511979|34063125|28448854
151|111488021|27290782|84197239
152|79368437|23630625|55737812
153|61784688|29165677|32619011
154|117393802|29361979|88031823
155|106533281|32870937|73662344
156|56556250|36240938|20315312
157|89967656|34173438|55794218
158|79866042|38782031|41084011
159|48798021|22449115|26348906
160|94727813|27472812|67255001
161|45487969|30419063|15068906
162|79570625|33575000|45995625
163|92804739|33981146|58823593
164|71796094|28634531|43161563
165|53689844|24438281|29251563
166|84464948|31221771|53243177
167|55309896|32807656|22502240
168|105570000|32624635|72945365
169|124427969|26715000|97712969
170|89875000|17805989|72069011
171|54763386|16262135|38501251
172|44432708|17357969|27074739
173|75086667|23051719|52034948
174|81405417|13405000|68000417
175|89081094|20485469|68595625
176|70435364|33455469|36979895
177|81645990|26667187|54978803
178|70087969|18964635|51123334
179|58009687|23087604|34922083
180|55750989|27071458|28679531
181|92906875|17263229|75643646
182|95832084|19638593|76193491
183|47654791|18453594|29201197
184|43589687|24254062|19335625
185|62259427|15870625|46388802
186|100668385|27228594|73439791
187|46423906|27959218|18464688
188|89660833|18090261|71570572
189|54589219|15805886|38783333
190|52215886|21069166|31146720
191|67993594|18027135|49966459
192|70479636|17432344|53047292
193|61632813|18362917|43269896
194|86202240|18454687|67747553
195|36412812|22565261|13847551
196|98625052|24612813|74012239
197|75722031|19112656|56609375
198|66366979|17371719|48995260
199|104879219|21581198|83298021
200|115847500|24222604|91624896
201|61708073|26054844|35653229
202|105807187|19301563|86505624
203|57917084|19073750|38843334
204|76838958|15250365|61588593
205|42878021|19424792|23453229
206|44357031|25304740|19052291
207|47107657|22310468|24797189
208|73755209|19962239|53792970
209|55910417|17097500|38812917
210|86190990|15342083|70848907
211|44087968|24848385|19239583
212|46745729|20868750|25876979
213|63576302|19134375|44441927
214|109512031|15927031|93585000
215|52287396|23593906|28693490
216|104889063|26846771|78042292
217|96596562|31505416|65091146
218|48754375|15999271|32755104
219|127458021|19634323|107823698
220|209215625|25783594|183432031
221|48048125|25966719|22081406
222|56654323|16455625|40198698
223|72789843|14142032|58647811
224|66511979|22740416|43771563
225|48374896|18007031|30367865
226|83613437|15649739|67963698
227|76666771|18900937|57765834
228|59956146|23120729|36835417
229|96892552|24277969|72614583
230|52531250|15086719|37444531
231|59480625|18921823|40558802
232|69941875|22095052|47846823
233|71433124|18020260|53412864
234|68317500|26823854|41493646
235|57838073|23491042|34347031
236|43039114|24898281|18140833
237|76596146|23319531|53276615
238|94333281|17396718|76936563
239|67538385|22992656|44545729
240|76102031|26580886|49521145
241|65581563|18570313|47011250
242|50017344|14789375|35227969
243|57110052|15635156|41474896
244|75911406|21267500|54643906
245|124165937|22755469|101410468
246|138487656|16838437|121649219
247|58017032|32326250|25690782
248|65413750|28445833|36967917
249|56712187|16288281|40423906
250|62467031|26318230|36148801
251|51242291|24046511|27195780
252|70758854|20105156|50653698
253|81510469|22597292|58913177
254|131469791|24285938|107183853
255|45502969|26703593|18799376
256|59190365|15244843|43945522
257|51263073|23943593|27319480
258|67049010|12668125|54380885
259|62264947|24820885|37444062
260|135926875|22123750|113803125
261|47554792|16397344|31157448
262|61562239|17665990|43896249
263|88641927|18961250|69680677
264|118977812|25327968|93649844
265|176332656|25549427|150783229
266|63719062|18535365|45183697
267|74591718|22481875|52109843
268|45140417|19865260|25275157
269|62010521|13957083|48053438
270|45116719|18897969|26218750
271|66487344|17298750|49188594
272|86315053|28555312|57759741
273|102849531|26886146|75963385
274|53531146|18182812|35348334
275|42171041|17518282|24652759
276|88585834|16217291|72368543
277|70405000|30680208|39724792
278|37902865|25586718|12316147
279|66885000|31717916|35167084
280|39795053|33630208|6164845
281|115360364|33096094|82264270
282|44720052|40213281|4506771
283|66074427|35731563|30342864
284|107700312|41570886|66129426
285|65636250|32702396|32933854
286|107094375|33642344|73452031
287|58413281|25985313|32427968
288|45516250|33267396|12248854
289|106536406|35751094|70785312
290|66286719|23459531|42827188
291|53996875|28058438|25938437
292|62817343|36262812|26554531
293|57195000|27204011|29990989
294|59414740|32596042|26818698
295|88993281|28590833|60402448
296|55069896|31942656|23127240
297|124925000|32420938|92504062
298|70805521|31905365|38900156
299|51060000|27349844|23710156
300|140540781|35514375|105026406
301|128078386|33901719|94176667
302|53618177|15580000|38038177
303|75990625|33096407|42894218
304|83796042|29425000|54371042
305|111921615|29661042|82260573
306|85507709|26050000|59457709
307|63177656|31097709|32079947
308|69255000|24317656|44937344
309|82884323|38192448|44691875
310|103789062|33116563|70672499
311|85429740|26830469|58599271
312|76217135|33749843|42467292
313|121367031|24168697|97198334
314|99600156|21774375|77825781
315|58928333|24724740|34203593
316|104468125|42752343|61715782
317|81008907|33653802|47355105
318|75790313|27224896|48565417
319|107406875|28950625|78456250
320|80545104|20797136|59747968
321|69809062|34376875|35432187
322|83708750|31197188|52511562
323|76022605|41219375|34803230
324|166048072|34841250|131206822
325|88033437|19918020|68115417
326|66526719|17630781|48895938
327|47462865|14440364|33022501
328|45316250|23138594|22177656
329|42699584|25450677|17248907
330|56578281|20831302|35746979
331|83629688|18500156|65129532
332|103080156|19541406|83538750
333|52975000|14226979|38748021
334|100291718|27834011|72457707
335|87718594|18015886|69702708
336|46565000|16476250|30088750
337|80776771|15606198|65170573
338|103006250|15402865|87603385
339|161990677|17358073|144632604
340|99536563|16040937|83495626
341|91293750|17556718|73737032
342|113210469|18909844|94300625
343|52208906|23562813|28646093
344|99912500|27851302|72061198
345|77568541|27103907|50464634
346|86236875|22222344|64014531
347|43515885|31094740|12421145
348|71100937|16318697|54782240
349|167154427|15485000|151669427
350|48178281|18151145|30027136
351|44207760|16012657|28195103
352|47783489|18143750|29639739
353|43300312|23375938|19924374
354|51853281|18127813|33725468
355|97341302|16845417|80495885
356|105918125|18279844|87638281
357|73357500|17018437|56339063
358|55400261|13050364|42349897
359|49222083|15247813|33974270
360|108862344|23812187|85050157
361|89660260|18341406|71318854
362|127428021|17943750|109484271
363|74173541|15250938|58922603
364|44397396|20362708|24034688
365|49122968|12584532|36538436
366|63476250|26925469|36550781
367|65111875|18869688|46242187
368|136386094|19759531|116626563
369|66975469|17970625|49004844
370|162984375|22530000|140454375
371|93420469|17571250|75849219
372|67485469|23526094|43959375
373|68269583|31446094|36823489
374|95705938|16248750|79457188
375|60712396|18776563|41935833
376|85827500|18850625|66976875
377|90944167|19862552|71081615
378|141478750|18833750|122645000
379|114372188|20828750|93543438
380|94978906|23967239|71011667
381|117464271|15516146|101948125
382|67654063|17950885|49703178
383|41178385|15183229|25995156
384|77127343|15316407|61810936
385|62139062|15428178|46710884
386|56311823|20454792|35857031
387|64183281|15661303|48521978
388|70009218|18124636|51884582
389|51371354|29537969|21833385
390|78574219|20379375|58194844
391|87109271|24962344|62146927
392|45528386|15669635|29858751
393|52739531|21643594|31095937
394|47997396|20313334|27684062
395|39120260|26929218|12191042
396|50309427|29947448|20361979
397|70920781|21009583|49911198
398|59782500|15925156|43857344
399|108378906|21310573|87068333
400|59170156|20270052|38900104
401|46760938|14422708|32338230
402|82666667|21960469|60706198
403|98984271|27270521|71713750
404|102903907|18987656|83916251
405|44220000|18900781|25319219
406|47586094|31952709|15633385
407|56511146|15948281|40562865
408|64990260|15460885|49529375
409|37801979|19262187|18539792
410|78137553|28447656|49689897
411|51636667|15867500|35769167
412|58942604|21377813|37564791
413|56019688|23410260|32609428
414|145600052|15490000|130110052
415|131425677|25191510|106234167
416|83225573|15823541|67402032
417|73737291|20739948|52997343
418|69792865|19080000|50712865
419|146388281|19150886|127237395
420|99189531|14282500|84907031
421|50052969|18254375|31798594
422|69812344|23561146|46251198
423|87733906|18136250|69597656
424|48446562|18338750|30107812
425|45164375|25832031|19332344
426|68421875|27764688|40657187
427|75708125|27391927|48316198
428|86123594|27069687|59053907
429|72326303|19363333|52962970
430|83337188|28501614|54835574
431|108613906|19955312|88658594
432|83855000|24101146|59753854
433|61479062|15047188|46431874
434|89008802|15696042|73312760
435|78412761|15252656|63160105
436|108630365|23579374|85050991
437|89662709|18994531|70668178
438|101237657|18582396|82655261
439|55014271|14169115|40845156
440|80867396|18723386|62144010
441|128008906|17089687|110919219
442|58396875|23754375|34642500
443|59846615|15628958|44217657
444|83429480|20766250|62663230
445|74122343|17368438|56753905
446|91020730|26263281|64757449
447|96221666|15181875|81039791
448|43110781|16501459|26609322
449|58559062|18057500|40501562
450|65029010|14134271|50894739
451|57054114|19562188|37491926
452|108655313|18465885|90189428
453|52051979|18275938|33776041
454|81648125|15937969|65710156
455|64904271|25150156|39754115
456|51424063|22084844|29339219
457|133295469|26218125|107077344
458|93985781|14569948|79415833
459|147450000|28262500|119187500
460|89564010|26450573|63113437
461|97931719|15220625|82711094
462|71331823|13800261|57531562
463|85960833|23103438|62857395
464|52255937|18952865|33303072
465|63203906|21888282|41315624
466|43233386|17573229|25660157
467|38801146|16341563|22459583
468|83452136|19416562|64035574
469|66222187|21181094|45041093
470|59399688|24074687|35325001
471|58333125|25505677|32827448
472|86171667|19304375|66867292
473|58442448|21722813|36719635
474|51249687|20318750|30930937
475|57806719|19759531|38047188
476|98252292|15694375|82557917
477|85083125|20204739|64878386
478|85060625|25670938|59389687
479|48320937|15795937|32525000
480|49187864|17246042|31941822
481|170586563|18651041|151935522
482|68670781|18419583|50251198
483|43564219|16058281|27505938
484|79696614|26214063|53482551
485|83875938|17229948|66645990
486|73363750|20309062|53054688
487|60109844|20220416|39889428
488|48401719|18202708|30199011
489|61174166|15900886|45273280
490|54679688|18248177|36431511
491|99196407|28317552|70878855
492|117773229|18994011|98779218
493|63582500|16474739|47107761
494|67250417|28447188|38803229
495|76322240|21497812|54824428
496|101945364|22860260|79085104
497|91525521|16439271|75086250
498|89068593|24577761|64490832
499|113384479|27669375|85715104
